0,445
0,444
0,386
186,3
186,2
186,1
186,0
185,3
185,2
185,1
185,0
184,4
184,3
184,2
184,1
184,0
183,3
183,2
183,1
183,0
182,3
182,2
182,1
182,0
181,3
181,2
181,1
181,0
180,4
180,3
180,2
180,1
180,0
179,3
179,2
179,1
179,0
0,278
0,9
178,35
3,2
10,212
10,178
10,12
10,94
10,92
10,126
10,160
10,206
10,2
11,4
11,5
11,2
9,6
9,4
9,2
9,3
8,11
8,16
8,9
8,6
8,8
8,15
8,2
8,3
102,3
102,2
102,1
102,0
101,3
101,2
101,1
101,0
100,4
100,3
100,2
100,1
100,0
99,3
99,2
99,1
99,0
98,3
98,2
98,1
98,0
97,3
97,2
97,1
97,0
96,4
96,3
96,2
96,1
96,0
95,3
95,2
95,1
95,0
20,3
20,2
20,1
